/data/stone/Internship/yolov5/VOCdevkit/VOC2007/JPEGImages/002001.jpg 1025,283,1090,580,1
/data/stone/Internship/yolov5/VOCdevkit/VOC2007/JPEGImages/001020.jpg 127,19,275,132,0 188,1071,291,1181,0 224,1748,327,1822,0 291,2684,378,2771,0 3649,29,3698,548,0 3575,1100,3643,1619,0 3524,1768,3610,2242,0 1169,2639,1220,2903,0 1895,2652,1972,2922,0 2682,2677,2746,2948,0 3462,2716,3520,2974,0 1117,10,1201,519,0 1930,22,2020,537,0 2801,16,2856,539,0 1140,1077,1204,1526,0 1149,1716,1214,1981,0
/data/stone/Internship/yolov5/VOCdevkit/VOC2007/JPEGImages/001013.jpg 585,1026,730,1190,0 2085,1010,2256,1168,0
/data/stone/Internship/yolov5/VOCdevkit/VOC2007/JPEGImages/001042.jpg 3856,361,3969,526,0 3733,1458,3875,1568,0 3646,2426,3795,2548,0
/data/stone/Internship/yolov5/VOCdevkit/VOC2007/JPEGImages/002010.jpg 1706,1395,1984,1977,1
/data/stone/Internship/yolov5/VOCdevkit/VOC2007/JPEGImages/001002.jpg 3311,1629,3527,1868,0 3459,2393,3688,2542,0 795,1100,1130,1181,0 569,1774,872,1926,0
/data/stone/Internship/yolov5/VOCdevkit/VOC2007/JPEGImages/001047.jpg 1623,477,1914,1021,0 1240,712,1306,977,0 1197,1417,1280,1656,0 1175,2095,1262,2321,0 1166,2738,1240,2973,0
/data/stone/Internship/yolov5/VOCdevkit/VOC2007/JPEGImages/002011.jpg 3615,1079,3818,1599,1
/data/stone/Internship/yolov5/VOCdevkit/VOC2007/JPEGImages/001027.jpg 402,1730,689,1982,0 515,3156,711,3443,0
/data/stone/Internship/yolov5/VOCdevkit/VOC2007/JPEGImages/002009.jpg 3765,1183,3965,1599,1
/data/stone/Internship/yolov5/VOCdevkit/VOC2007/JPEGImages/001049.jpg 1548,763,2221,913,0 508,2456,755,2623,0
/data/stone/Internship/yolov5/VOCdevkit/VOC2007/JPEGImages/001009.jpg 689,1221,880,1447,0 745,2369,915,2564,0 2198,1243,2320,3016,0 819,3738,976,3895,0 2115,3660,2245,3999,0
/data/stone/Internship/yolov5/VOCdevkit/VOC2007/JPEGImages/001010.jpg 307,1074,427,1197,0 340,1722,495,1832,0 424,2600,565,2713,0 185,39,369,152,0 3495,64,3562,600,0 3388,1029,3498,2058,0 3314,2429,3392,2997,0
/data/stone/Internship/yolov5/VOCdevkit/VOC2007/JPEGImages/001006.jpg 1547,1046,1651,2021,0
/data/stone/Internship/yolov5/VOCdevkit/VOC2007/JPEGImages/001034.jpg 2701,491,2885,565,0 927,613,1217,681,0 695,1597,791,1764,0 746,2639,836,2758,0
/data/stone/Internship/yolov5/VOCdevkit/VOC2007/JPEGImages/001036.jpg 1117,306,1207,852,0 1878,306,1959,861,0 2656,293,2701,826,0 3398,303,3465,816,0 3575,244,3678,467,0 1177,1255,1248,1790,0 1911,1248,1998,1761,0 2630,1268,2695,1758,0 3365,1267,3430,1725,0 3504,1245,3640,1393,0 1217,2155,1307,2600,0 1924,2152,1995,2616,0 2623,2135,2698,2597,0 3307,2132,3359,2542,0 3472,2152,3565,2274,0
/data/stone/Internship/yolov5/VOCdevkit/VOC2007/JPEGImages/001040.jpg 791,1142,892,1665,0 1572,1148,1665,1668,0 2388,1142,2469,1674,0 3207,1136,3291,1681,0 3378,1148,3472,1439,0 901,2364,982,2752,0 1627,2364,1698,2774,0 2356,2374,2414,2787,0 3088,2381,3166,2800,0 3227,2384,3330,2626,0 695,177,775,329,0 1546,152,1611,303,0 2417,116,2498,287,0 3324,103,3391,261,0
/data/stone/Internship/yolov5/VOCdevkit/VOC2007/JPEGImages/001008.jpg 1628,1381,1875,1872,0 1628,2634,1880,3056,0 46,3603,672,3707,0 80,2517,545,2595,0 63,533,372,633,0
/data/stone/Internship/yolov5/VOCdevkit/VOC2007/JPEGImages/001003.jpg 345,921,775,1534,0 2389,1034,2633,3455,0
/data/stone/Internship/yolov5/VOCdevkit/VOC2007/JPEGImages/002000.jpg 1252,755,1439,811,1
/data/stone/Internship/yolov5/VOCdevkit/VOC2007/JPEGImages/001037.jpg 1078,971,1149,1471,0 1901,964,1969,1461,0 2717,948,2785,1468,0 3536,961,3627,1455,0 3707,964,3791,1258,0 1124,2281,1207,2716,0 1885,2274,1962,2697,0 2669,2264,2733,2700,0 3427,2258,3507,2693,0 3575,2264,3672,2539,0
/data/stone/Internship/yolov5/VOCdevkit/VOC2007/JPEGImages/002007.jpg 3308,1223,3525,1923,1 1388,1463,1555,1873,1
/data/stone/Internship/yolov5/VOCdevkit/VOC2007/JPEGImages/001011.jpg 476,1147,1037,1512,0 1615,1169,1750,1495,0 558,1643,763,1808,0 580,1956,841,2112,0
/data/stone/Internship/yolov5/VOCdevkit/VOC2007/JPEGImages/001028.jpg 3787,790,3923,1000,0
/data/stone/Internship/yolov5/VOCdevkit/VOC2007/JPEGImages/001032.jpg 1654,377,1854,834,0 1724,2490,1894,2894,0
/data/stone/Internship/yolov5/VOCdevkit/VOC2007/JPEGImages/002006.jpg 2945,1119,3258,1716,1
/data/stone/Internship/yolov5/VOCdevkit/VOC2007/JPEGImages/001024.jpg 1889,1486,2132,1760,0 1911,1890,2102,2082,0 1898,3347,2137,3773,0
/data/stone/Internship/yolov5/VOCdevkit/VOC2007/JPEGImages/001043.jpg 3114,1926,3207,1990,0 333,1097,385,1158,0 324,1281,385,1364,0 972,1100,1020,1371,0 1620,1097,1669,1368,0 2262,1110,2298,1364,0
/data/stone/Internship/yolov5/VOCdevkit/VOC2007/JPEGImages/001019.jpg 650,1395,811,1547,0 676,2521,802,2695,0
/data/stone/Internship/yolov5/VOCdevkit/VOC2007/JPEGImages/001012.jpg 932,1651,2411,1743,0 992,3047,2410,3121,0 350,877,550,990,0 484,2469,645,2569,0 593,3756,737,3921,0
/data/stone/Internship/yolov5/VOCdevkit/VOC2007/JPEGImages/001052.jpg 2002,920,3205,1110,0
/data/stone/Internship/yolov5/VOCdevkit/VOC2007/JPEGImages/001023.jpg 1106,495,1206,1117,0 1463,499,1558,1090,0 1811,482,1898,1082,0 1119,1443,1237,1943,0 1472,1438,1572,1934,0 1789,1421,1889,1921,0 1137,2260,1254,2725,0 1463,2256,1576,2721,0 1815,2238,1893,2708,0 1171,2990,1289,3417,0 1480,2977,1589,3386,0 1780,2951,1889,3364,0 1215,3664,1311,3990,0 1498,3647,1602,3930,0 1784,3595,1893,3938,0 680,464,750,603,0 719,1430,841,1530,0 753,2269,871,2417,0 832,3017,898,3147,0 867,3682,958,3825,0
/data/stone/Internship/yolov5/VOCdevkit/VOC2007/JPEGImages/002012.jpg 1666,1717,1984,2282,1
/data/stone/Internship/yolov5/VOCdevkit/VOC2007/JPEGImages/002005.jpg 898,809,1288,1603,1
/data/stone/Internship/yolov5/VOCdevkit/VOC2007/JPEGImages/001015.jpg 741,1317,945,1730,0 715,2334,958,2812,0 1671,603,1798,803,0
/data/stone/Internship/yolov5/VOCdevkit/VOC2007/JPEGImages/001001.jpg 2532,734,2919,1182,0 2476,1956,2898,2330,0 2332,2899,2811,3247,0 2280,3730,2741,3982,0
/data/stone/Internship/yolov5/VOCdevkit/VOC2007/JPEGImages/001048.jpg 506,600,1476,717,0 1515,583,2499,666,0 2518,549,3521,649,0 641,1803,1534,1940,0 1545,1803,2491,1939,0 2511,1792,3471,1915,0 3665,509,3778,713,0 3541,1793,3705,1969,0
/data/stone/Internship/yolov5/VOCdevkit/VOC2007/JPEGImages/001045.jpg 3195,993,3378,1146,0 3105,2159,3255,2306,0 861,2816,921,2903,0
/data/stone/Internship/yolov5/VOCdevkit/VOC2007/JPEGImages/001016.jpg 245,973,780,1234,0 1298,1003,1406,1273,0 315,1430,576,3082,0
/data/stone/Internship/yolov5/VOCdevkit/VOC2007/JPEGImages/001022.jpg 2062,1729,2223,1894,0 2072,2081,2280,2247,0 537,151,650,256,0 558,447,641,564,0 615,1664,706,1799,0 619,1995,741,2099,0 654,2295,741,2443,0 654,2634,767,2773,0 671,2917,754,3064,0 671,3225,771,3325,0
/data/stone/Internship/yolov5/VOCdevkit/VOC2007/JPEGImages/001025.jpg 1059,284,1140,868,0 1104,1313,1207,1864,0 1185,2287,1262,2784,0 1882,274,1982,845,0 1911,1313,1991,1848,0 1953,2271,2027,2777,0 2733,248,2811,839,0 2720,1293,2791,1826,0 2707,2271,2782,2748,0 3478,2248,3540,2719,0 3504,1316,3578,1810,0 3665,2245,3795,2526,0 3707,1222,3836,1542,0 3753,155,3898,506,0 3559,239,3614,819,0
/data/stone/Internship/yolov5/VOCdevkit/VOC2007/JPEGImages/001018.jpg 1690,125,1757,225,0 1682,478,1736,807,0 1661,1018,1722,1307,0 1632,1518,1711,1793,0 1629,1968,1675,2264,0 1600,2378,1661,2639,0 1593,2775,1650,2996,0
/data/stone/Internship/yolov5/VOCdevkit/VOC2007/JPEGImages/001035.jpg 293,186,389,712,0 1428,186,1571,599,0 341,1360,515,2038,0 1467,1325,1602,2008,0 1654,1273,1802,1473,0 1671,2699,1871,2882,0 437,2695,563,3351,0 1502,2673,1615,3334,0 1554,3851,1650,3964,0
/data/stone/Internship/yolov5/VOCdevkit/VOC2007/JPEGImages/001029.jpg 885,1261,1082,1452,0 895,1474,1072,1648,0
/data/stone/Internship/yolov5/VOCdevkit/VOC2007/JPEGImages/001021.jpg 3414,748,3611,942,0 3388,1203,3611,1384,0 3084,1065,3159,1184,0 3079,1406,3147,1513,0 3053,1806,3140,1913,0 3033,2155,3114,2252,0
/data/stone/Internship/yolov5/VOCdevkit/VOC2007/JPEGImages/002002.jpg 106,376,210,633,1 1653,368,1737,662,1
/data/stone/Internship/yolov5/VOCdevkit/VOC2007/JPEGImages/001041.jpg 2045,1286,2306,1512,0 2076,2764,2293,2956,0 380,651,1150,738,0
/data/stone/Internship/yolov5/VOCdevkit/VOC2007/JPEGImages/001014.jpg 1758,2069,1958,2208,0 1145,3125,1445,3247,0 1667,3143,2024,3251,0 1850,538,2106,643,0
/data/stone/Internship/yolov5/VOCdevkit/VOC2007/JPEGImages/001007.jpg 1715,834,2098,2799,0 594,3338,768,3986,0 1723,3316,2084,3999,0 432,877,636,2803,0
/data/stone/Internship/yolov5/VOCdevkit/VOC2007/JPEGImages/001004.jpg 676,1078,808,1899,0 1465,1086,1615,3003,0
/data/stone/Internship/yolov5/VOCdevkit/VOC2007/JPEGImages/002003.jpg 1338,1819,1531,2325,1
/data/stone/Internship/yolov5/VOCdevkit/VOC2007/JPEGImages/001039.jpg 98,1490,250,2290,0 1711,1421,1928,1938,0 1497,1416,1623,2338,0 328,3560,441,3986,0 1554,3543,1676,3977,0 1811,3559,1933,3933,0
/data/stone/Internship/yolov5/VOCdevkit/VOC2007/JPEGImages/001038.jpg 28,460,176,1334,0 1428,421,1528,1264,0 1645,451,1837,912,0 206,2712,337,3438,0 1476,2664,1606,3390,0 1693,2660,1871,3095,0
